// wall
10,10,10,1,1
10,30,10,1,2
630,30,10,1,2

//block level 1
320,130,7,0,1,1

40,150,1,0,1,6
280,150,2,0,1,1
320,150,1,0,1,1
360,150,2,0,1,1
400,150,1,0,1,6

40,170,2,0,1,1
80,170,8,2,1,1
120,170,2,0,1,4
280,170,1,0,1,1
320,170,2,0,1,1
360,170,1,0,1,1
400,170,2,0,1,4
560,170,8,2,1,1
600,170,2,0,1,1

40,190,3,0,1,7
320,190,4,0,1,1
360,190,3,0,1,7

60,210,5,0,1,3,0.5
280,210,4,0,1,1
320,210,8,2,1,1
360,210,4,0,1,1
460,210,5,0,1,3,0.5

80,230,5,0,1,2,0.5
300,230,5,0,1,2
500,230,5,0,1,2,0.5

320,250,6,0,1,1


//block level 2
220,110,4,0,2,1
260,110,2,0,2,4
420,110,4,0,2,1

200,130,5,0,2,1
240,130,3,0,2,1
280,130,5,0,2,3
400,130,3,0,2,1
440,130,5,0,2,1

40,170,5,0,2,15

40,190,7,0,2,3
150,190,10,1,2,1
490,190,10,1,2,1
520,190,7,0,2,3

40,210,1,0,2,1
80,210,8,2,2,1
120,210,1,0,2,1
150,210,10,1,2,1
490,210,10,1,2,1
520,210,1,0,2,1
560,210,8,2,2,1
600,210,1,0,2,1

40,230,6,0,2,3
160,230,0,3,2,9
520,230,6,0,2,3

40,250,1,0,2,6
280,250,8,2,2,3
400,250,1,0,2,6


